#This is the header
 0.0 0.7181
 1.0 0.1423
 2.0 0.4819
 3.0 0.9002
 4.0 0.8192
 5.0 0.9645
 6.0 0.4409
 7.0 0.5852
 8.0 0.2409
 9.0 0.1333
10.0 0.6530
11.0 0.9444
12.0 0.0109
13.0 0.5121
14.0 0.0190
15.0 0.1211
16.0 0.2614
17.0 0.8514
18.0 0.9950
19.0 0.7808
20.0 0.3533
21.0 0.8846
22.0 0.5606
23.0 0.0861
24.0 0.7840
25.0 0.0888
26.0 0.5599
27.0 0.9223
28.0 0.3414
29.0 0.0910
30.0 0.2224
31.0 0.6990
32.0 0.3459
33.0 0.9599
34.0 0.8994
35.0 0.7567
36.0 0.6307
37.0 0.2321
38.0 0.0331
39.0 0.9614
40.0 0.6758
41.0 0.1896
42.0 0.4703
43.0 0.5058
44.0 0.0063
45.0 0.6821
46.0 0.8358
47.0 0.1003
48.0 0.4196
49.0 0.7049
50.0 0.9080
51.0 0.1503
52.0 0.7924
53.0 0.8251
54.0 0.9097
55.0 0.6295
56.0 0.5577
57.0 0.8429
58.0 0.3588
59.0 0.2379
60.0 0.6359
61.0 0.4808
62.0 0.5980
63.0 0.7032
64.0 0.7206
65.0 0.1168
66.0 0.8010
67.0 0.3318
68.0 0.3068
69.0 0.7512
70.0 0.9833
71.0 0.6779
72.0 0.2417
73.0 0.5098
74.0 0.4031
75.0 0.4852
76.0 0.4693
77.0 0.9095
78.0 0.5500
79.0 0.7071
80.0 0.7622
81.0 0.4619
82.0 0.8170
83.0 0.6796
84.0 0.6981
85.0 0.0208
86.0 0.6438
87.0 0.7562
88.0 0.2133
89.0 0.2114
90.0 0.5151
91.0 0.1489
92.0 0.5346
93.0 0.3559
94.0 0.1241
95.0 0.2238
96.0 0.4517
97.0 0.0500
98.0 0.6178
99.0 0.1704
100.0 0.3382
101.0 0.8606
102.0 0.8400
103.0 0.0393
104.0 0.7059
105.0 0.8790
106.0 0.8955
107.0 0.7060
108.0 0.5110
109.0 0.9448
110.0 0.4458
111.0 0.0190
112.0 0.1887
113.0 0.2377
114.0 0.4501
115.0 0.4340
116.0 0.0031
117.0 0.2195
118.0 0.4803
119.0 0.7257
120.0 0.8614
121.0 0.7481
122.0 0.6922
123.0 0.7974
124.0 0.9805
125.0 0.4753
126.0 0.7472
127.0 0.0767
128.0 0.0127
129.0 0.3940
130.0 0.9857
131.0 0.8728
132.0 0.2411
133.0 0.7197
134.0 0.9299
135.0 0.8756
136.0 0.4953
137.0 0.6190
138.0 0.6924
139.0 0.2813
140.0 0.1673
141.0 0.3681
142.0 0.1749
143.0 0.1022
144.0 0.3018
145.0 0.6310
146.0 0.1640
147.0 0.0789
148.0 0.9351
149.0 0.8481
150.0 0.3820
151.0 0.3440
152.0 0.3993
153.0 0.4744
154.0 0.1648
155.0 0.4852
156.0 0.7008
157.0 0.7780
158.0 0.0353
159.0 0.8876
160.0 0.5937
161.0 0.3933
162.0 0.7367
163.0 0.6429
164.0 0.2076
165.0 0.0962
166.0 0.6396
167.0 0.9066
168.0 0.0417
169.0 0.2508
170.0 0.2582
171.0 0.4517
172.0 0.0673
173.0 0.8768
174.0 0.7669
175.0 0.6253
176.0 0.1409
177.0 0.4283
178.0 0.6929
179.0 0.6321
180.0 0.2201
181.0 0.3935
182.0 0.4537
183.0 0.9040
184.0 0.8617
185.0 0.6952
186.0 0.0816
187.0 0.1522
188.0 0.1026
189.0 0.8302
190.0 0.6526
191.0 0.5915
192.0 0.9389
193.0 0.7211
194.0 0.0556
195.0 0.8754
196.0 0.6602
197.0 0.4582
198.0 0.7378
199.0 0.0151
200.0 0.0300
