0.000000000000000000e+00 6.600491572642439575e-01
1.000000000000000000e+00 2.143284632632789233e-01
2.000000000000000000e+00 2.810142694454587087e-01
3.000000000000000000e+00 3.598999749781895963e-01
4.000000000000000000e+00 9.812830050373064772e-01
5.000000000000000000e+00 5.814155907270891488e-01
6.000000000000000000e+00 5.235934949431263474e-01
7.000000000000000000e+00 9.466587251684608351e-01
8.000000000000000000e+00 5.571386933347926007e-01
9.000000000000000000e+00 1.376600273130458296e-01
1.000000000000000000e+01 1.716399062819140564e-01
1.100000000000000000e+01 8.345304938412305695e-01
1.200000000000000000e+01 8.227719010881360262e-01
1.300000000000000000e+01 3.091334552015313486e-01
1.400000000000000000e+01 6.630737622836222478e-01
1.500000000000000000e+01 5.981646064377867944e-01
1.600000000000000000e+01 4.116106169167578210e-01
1.700000000000000000e+01 7.853840108715587354e-01
1.800000000000000000e+01 4.425448933283941955e-01
1.900000000000000000e+01 1.417370144141529842e-01
2.000000000000000000e+01 1.086782346673623723e-01
2.100000000000000000e+01 8.897247520137760990e-01
2.200000000000000000e+01 5.811097709032793102e-01
2.300000000000000000e+01 5.888360950481841272e-01
2.400000000000000000e+01 9.865669560739097621e-01
2.500000000000000000e+01 1.937099562322673885e-01
2.600000000000000000e+01 2.657218478105636272e-01
2.700000000000000000e+01 6.843088610672040106e-01
2.800000000000000000e+01 3.875400397284267662e-02
2.900000000000000000e+01 3.707919491441347137e-01
3.000000000000000000e+01 9.553676607540196875e-01
3.100000000000000000e+01 8.545577709299200242e-01
3.200000000000000000e+01 9.196427706409864289e-01
3.300000000000000000e+01 1.114551269310357640e-01
3.400000000000000000e+01 4.459745332350240066e-02
3.500000000000000000e+01 3.829700996677872782e-01
3.600000000000000000e+01 2.512074972443668619e-01
3.700000000000000000e+01 9.096411381780431515e-01
3.800000000000000000e+01 9.874777408443821125e-01
3.900000000000000000e+01 6.153039929243866446e-01
4.000000000000000000e+01 7.983853009983271631e-01
4.100000000000000000e+01 4.293526141085044490e-01
4.200000000000000000e+01 8.323424559373567844e-01
4.300000000000000000e+01 3.309340539170709805e-01
4.400000000000000000e+01 7.863729805092508629e-01
4.500000000000000000e+01 4.580754048147086532e-01
4.600000000000000000e+01 5.517280031725074751e-01
4.700000000000000000e+01 8.357547546441128627e-01
4.800000000000000000e+01 8.507136941394233265e-01
4.900000000000000000e+01 6.136213454183323535e-01
5.000000000000000000e+01 9.572136378278557345e-01
5.100000000000000000e+01 2.011963194749256667e-01
5.200000000000000000e+01 3.959881403788060306e-01
5.300000000000000000e+01 1.415607899167488082e-01
5.400000000000000000e+01 7.946411689413224178e-02
5.500000000000000000e+01 7.036643217367947178e-01
5.600000000000000000e+01 4.278545341548127823e-01
5.700000000000000000e+01 2.139218205163809783e-01
5.800000000000000000e+01 8.982275861503838943e-01
5.900000000000000000e+01 6.055138053154075495e-01
6.000000000000000000e+01 2.148793623158460342e-01
6.100000000000000000e+01 3.717088207001680855e-01
6.200000000000000000e+01 6.315888222956363984e-01
6.300000000000000000e+01 6.017500027524096406e-01
6.400000000000000000e+01 8.788073432154930309e-02
6.500000000000000000e+01 8.729670806308420516e-02
6.600000000000000000e+01 1.462231433039906658e-01
6.700000000000000000e+01 4.087203272949425648e-01
6.800000000000000000e+01 5.349763348109929373e-01
6.900000000000000000e+01 2.221861904756672335e-02
7.000000000000000000e+01 4.022402559672956235e-01
7.100000000000000000e+01 1.696906024783086941e-01
7.200000000000000000e+01 1.493401461126655505e-01
7.300000000000000000e+01 2.147992239868129483e-01
7.400000000000000000e+01 9.464961829581698405e-01
7.500000000000000000e+01 8.307269824418227477e-01
7.600000000000000000e+01 9.751908249839853493e-01
7.700000000000000000e+01 2.965483235020975883e-01
7.800000000000000000e+01 4.903381613484748547e-01
7.900000000000000000e+01 3.148742579443963852e-02
8.000000000000000000e+01 7.515216356140924647e-01
8.100000000000000000e+01 2.386478880209719211e-01
8.200000000000000000e+01 9.754443909816682412e-01
8.300000000000000000e+01 1.591580201362450264e-01
8.400000000000000000e+01 8.089548888445563524e-01
8.500000000000000000e+01 2.616608856122758509e-01
8.600000000000000000e+01 2.694722268481297700e-01
8.700000000000000000e+01 3.386523371634260204e-01
8.800000000000000000e+01 3.435852958159691939e-01
8.900000000000000000e+01 5.024944438974143779e-01
9.000000000000000000e+01 3.986656949176755615e-01
9.100000000000000000e+01 9.040506311471181444e-01
9.200000000000000000e+01 6.146109915142062841e-01
9.300000000000000000e+01 7.489390062555248972e-01
9.400000000000000000e+01 3.803743371381003158e-01
9.500000000000000000e+01 4.396317138643968114e-02
9.600000000000000000e+01 9.843931409728652326e-01
9.700000000000000000e+01 9.934561918626338972e-02
9.800000000000000000e+01 6.534174897316857855e-02
9.900000000000000000e+01 8.526012182276490048e-01
1.000000000000000000e+02 7.847584722427457526e-01
1.010000000000000000e+02 6.384246463548722827e-01
1.020000000000000000e+02 8.469597224487848131e-01
1.030000000000000000e+02 9.514362506748204051e-01
1.040000000000000000e+02 6.971365974301108048e-01
1.050000000000000000e+02 5.306265702958150587e-01
1.060000000000000000e+02 2.787994527069034278e-01
1.070000000000000000e+02 1.617230577352166687e-01
1.080000000000000000e+02 6.074188246124329060e-01
1.090000000000000000e+02 1.112212994093286778e-01
1.100000000000000000e+02 9.920972367747475928e-01
1.110000000000000000e+02 6.147852843368816211e-01
1.120000000000000000e+02 5.992926751188938361e-01
1.130000000000000000e+02 8.505878662484623876e-01
1.140000000000000000e+02 6.715044306095037108e-01
1.150000000000000000e+02 7.390964769440917514e-01
1.160000000000000000e+02 5.137283746538612306e-01
1.170000000000000000e+02 9.538878855509417276e-01
1.180000000000000000e+02 8.947513912263428404e-01
1.190000000000000000e+02 1.396658629099056803e-02
1.200000000000000000e+02 6.657976481140870373e-02
1.210000000000000000e+02 7.129930681150666860e-01
1.220000000000000000e+02 1.057128646475844480e-01
1.230000000000000000e+02 6.598191571906408814e-02
1.240000000000000000e+02 6.055617731863465192e-01
1.250000000000000000e+02 8.300731952065868446e-01
1.260000000000000000e+02 9.682183433925445337e-01
1.270000000000000000e+02 8.855143366336615252e-01
1.280000000000000000e+02 6.996430839145005853e-01
1.290000000000000000e+02 5.881380411057315349e-01
1.300000000000000000e+02 6.507785454628757238e-01
1.310000000000000000e+02 4.251974752673051139e-01
1.320000000000000000e+02 3.714115786176813705e-01
1.330000000000000000e+02 5.811786832779758383e-01
1.340000000000000000e+02 3.868535922990993248e-01
1.350000000000000000e+02 8.285425110312844010e-01
1.360000000000000000e+02 8.603269543115111828e-01
1.370000000000000000e+02 3.551581089316258044e-02
1.380000000000000000e+02 2.329857672452647632e-01
1.390000000000000000e+02 1.024438321045731959e-01
1.400000000000000000e+02 6.218588392540711496e-01
1.410000000000000000e+02 4.438164540475048048e-01
1.420000000000000000e+02 6.097120284009738267e-01
1.430000000000000000e+02 5.671550598241810182e-01
1.440000000000000000e+02 5.180842754465175837e-01
1.450000000000000000e+02 7.148662466903477064e-02
1.460000000000000000e+02 9.007279776259676796e-01
1.470000000000000000e+02 9.912726681270804807e-01
1.480000000000000000e+02 4.803592466976888131e-01
1.490000000000000000e+02 3.783168783880853647e-01
1.500000000000000000e+02 5.579084891157115589e-01
1.510000000000000000e+02 7.049484968522904405e-01
1.520000000000000000e+02 6.373565985111393495e-01
1.530000000000000000e+02 5.326252928254338048e-01
1.540000000000000000e+02 4.312380437246530196e-01
1.550000000000000000e+02 9.535756956255486694e-01
1.560000000000000000e+02 5.120170536812905793e-01
1.570000000000000000e+02 7.292952697558471309e-01
1.580000000000000000e+02 7.747055958952258070e-01
1.590000000000000000e+02 4.980051584936732167e-01
1.600000000000000000e+02 7.217837211365873973e-01
1.610000000000000000e+02 9.862183770977417385e-01
1.620000000000000000e+02 7.789974062799757126e-01
1.630000000000000000e+02 3.284610507457669248e-01
1.640000000000000000e+02 4.785525452970580407e-01
1.650000000000000000e+02 5.754714358809778219e-01
1.660000000000000000e+02 5.920592730673381876e-01
1.670000000000000000e+02 3.189502086290273430e-01
1.680000000000000000e+02 5.318740901190459613e-01
1.690000000000000000e+02 7.609101094056478498e-01
1.700000000000000000e+02 1.148771308430496241e-02
1.710000000000000000e+02 8.182183357112414734e-01
1.720000000000000000e+02 1.042517773011163440e-01
1.730000000000000000e+02 9.812577389050860521e-01
1.740000000000000000e+02 6.574471331372602201e-01
1.750000000000000000e+02 6.190656149455587842e-01
1.760000000000000000e+02 5.821169115965896257e-01
1.770000000000000000e+02 2.600983321699118500e-01
1.780000000000000000e+02 6.036324273295874399e-01
1.790000000000000000e+02 2.332369903418906043e-01
1.800000000000000000e+02 5.078039854550153720e-02
1.810000000000000000e+02 7.805033927147029260e-01
1.820000000000000000e+02 6.728062715678354566e-01
1.830000000000000000e+02 8.940993647431216829e-01
1.840000000000000000e+02 8.134401267742286112e-01
1.850000000000000000e+02 1.307434892484612421e-01
1.860000000000000000e+02 5.502791908236194240e-01
1.870000000000000000e+02 8.764882903440081030e-01
1.880000000000000000e+02 3.006361672594338730e-01
1.890000000000000000e+02 4.192121160050252815e-01
1.900000000000000000e+02 5.602755198055930919e-01
1.910000000000000000e+02 9.908288182846817227e-01
1.920000000000000000e+02 1.090426733423711658e-01
1.930000000000000000e+02 4.787468075558839464e-01
1.940000000000000000e+02 7.212144071415046431e-01
1.950000000000000000e+02 1.656390135601886193e-01
1.960000000000000000e+02 9.866350778226341545e-01
1.970000000000000000e+02 2.495875397315664435e-01
1.980000000000000000e+02 4.591229913696295295e-01
1.990000000000000000e+02 3.164520099172287715e-01
2.000000000000000000e+02 7.668291319543655282e-01
